Sequential	2	10	1.3e-05
Sequential	4	10	8e-06
Sequential	8	10	1e-05
Sequential	16	10	1.2e-05
Sequential	32	10	1.2e-05
Sequential	10	10	1.1e-05
Sequential	2	50	2.1e-05
Sequential	4	50	2.5e-05
Sequential	8	50	1.5e-05
Sequential	16	50	2.9e-05
Sequential	32	50	2.9e-05
Sequential	50	50	4.1e-05
Sequential	2	250	7.5e-05
Sequential	4	250	7.5e-05
Sequential	8	250	7.9e-05
Sequential	16	250	8.4e-05
Sequential	32	250	4.8e-05
Sequential	250	250	0.00012
Sequential	2	1250	0.000343
Sequential	4	1250	0.000313
Sequential	8	1250	0.000306
Sequential	16	1250	0.000302
Sequential	32	1250	0.000301
Sequential	999	1250	0.00049
Sequential	2	6250	0.00173
Sequential	4	6250	0.001555
Sequential	8	6250	0.001497
Sequential	16	6250	0.000759
Sequential	32	6250	0.001371
Sequential	999	6250	0.00169
Sequential	2	31250	0.003615
Sequential	4	31250	0.002313
Sequential	8	31250	0.003241
Sequential	16	31250	0.002773
Sequential	32	31250	0.001958
Sequential	999	31250	0.001804
Sequential	2	156250	0.01304
Sequential	4	156250	0.012024
Sequential	8	156250	0.011128
Sequential	16	156250	0.010486
Sequential	32	156250	0.009928
Sequential	999	156250	0.007629
Sequential	2	781250	0.065911
Sequential	4	781250	0.060677
Sequential	8	781250	0.057169
Sequential	16	781250	0.053935
Sequential	32	781250	0.050948
Sequential	999	781250	0.036461
Sequential	2	3906250	0.342354
Sequential	4	3906250	0.313563
Sequential	8	3906250	0.294777
Sequential	16	3906250	0.27858
Sequential	32	3906250	0.264498
Sequential	999	3906250	0.185001
Sequential	2	19531250	1.8239
Sequential	4	19531250	1.6752
Sequential	8	19531250	1.57697
Sequential	16	19531250	1.49255
Sequential	32	19531250	1.40594
Sequential	999	19531250	1.05063
Sequential	2	97656250	9.21001
Sequential	4	97656250	8.70976
Sequential	8	97656250	8.20699
Sequential	16	97656250	7.73577
Sequential	32	97656250	7.26564
Sequential	999	97656250	5.22771
Sequential	2	10	1.3e-05
Sequential	4	10	1.4e-05
Sequential	8	10	1.1e-05
Sequential	16	10	1.2e-05
Sequential	32	10	1.1e-05
Sequential	10	10	1.1e-05
Sequential	2	50	2.1e-05
Sequential	4	50	2.6e-05
Sequential	8	50	2.7e-05
Sequential	16	50	3e-05
Sequential	32	50	2.8e-05
Sequential	50	50	3.7e-05
Sequential	2	250	7.7e-05
Sequential	4	250	2.4e-05
Sequential	8	250	8e-05
Sequential	16	250	8.4e-05
Sequential	32	250	4.8e-05
Sequential	250	250	6.6e-05
Sequential	2	1250	0.000334
Sequential	4	1250	0.000311
Sequential	8	1250	0.000305
Sequential	16	1250	0.000303
Sequential	32	1250	0.000304
Sequential	999	1250	0.000496
Sequential	2	6250	0.001754
Sequential	4	6250	0.00156
Sequential	8	6250	0.00149
Sequential	16	6250	0.001419
Sequential	32	6250	0.001393
Sequential	999	6250	0.001365
Sequential	2	31250	0.003407
Sequential	4	31250	0.002338
Sequential	8	31250	0.002258
Sequential	16	31250	0.002041
Sequential	32	31250	0.003488
Sequential	999	31250	0.001847
Sequential	2	156250	0.013538
Sequential	4	156250	0.011979
Sequential	8	156250	0.011217
Sequential	16	156250	0.010487
Sequential	32	156250	0.009918
Sequential	999	156250	0.00766
Sequential	2	781250	0.065913
Sequential	4	781250	0.060944
Sequential	8	781250	0.056843
Sequential	16	781250	0.053409
Sequential	32	781250	0.050486
Sequential	999	781250	0.03635
Sequential	2	3906250	0.353879
Sequential	4	3906250	0.325317
Sequential	8	3906250	0.294102
Sequential	16	3906250	0.277047
Sequential	32	3906250	0.264569
Sequential	999	3906250	0.180811
Sequential	2	19531250	1.8818
Sequential	4	19531250	1.67529
Sequential	8	19531250	1.57109
Sequential	16	19531250	1.48966
Sequential	32	19531250	1.40762
Sequential	999	19531250	1.04575
Sequential	2	97656250	9.16502
Sequential	4	97656250	8.71911
Sequential	8	97656250	8.52312
Sequential	16	97656250	7.71668
Sequential	32	97656250	7.2737
Sequential	999	97656250	5.52009
Sequential	2	10	7e-06
Sequential	4	10	1.4e-05
Sequential	8	10	1.1e-05
Sequential	16	10	1.1e-05
Sequential	32	10	1.2e-05
Sequential	10	10	1.1e-05
Sequential	2	50	2.3e-05
Sequential	4	50	2.6e-05
Sequential	8	50	2.7e-05
Sequential	16	50	2.9e-05
Sequential	32	50	2.9e-05
Sequential	50	50	4.3e-05
Sequential	2	250	7.6e-05
Sequential	4	250	3.2e-05
Sequential	8	250	8e-05
Sequential	16	250	8.4e-05
Sequential	32	250	8.9e-05
Sequential	250	250	0.00012
Sequential	2	1250	0.000346
Sequential	4	1250	0.000311
Sequential	8	1250	0.000304
Sequential	16	1250	0.000162
Sequential	32	1250	0.000302
Sequential	999	1250	0.000529
Sequential	2	6250	0.00165
Sequential	4	6250	0.001623
Sequential	8	6250	0.001522
Sequential	16	6250	0.001413
Sequential	32	6250	0.001355
Sequential	999	6250	0.001728
Sequential	2	31250	0.002517
Sequential	4	31250	0.002315
Sequential	8	31250	0.002168
Sequential	16	31250	0.002041
Sequential	32	31250	0.001943
Sequential	999	31250	0.001784
Sequential	2	156250	0.013183
Sequential	4	156250	0.012006
Sequential	8	156250	0.011184
Sequential	16	156250	0.010607
Sequential	32	156250	0.010286
Sequential	999	156250	0.00766
Sequential	2	781250	0.068553
Sequential	4	781250	0.060844
Sequential	8	781250	0.057339
Sequential	16	781250	0.053854
Sequential	32	781250	0.050847
Sequential	999	781250	0.036376
Sequential	2	3906250	0.342779
Sequential	4	3906250	0.325835
Sequential	8	3906250	0.306944
Sequential	16	3906250	0.278955
Sequential	32	3906250	0.265164
Sequential	999	3906250	0.180961
Sequential	2	19531250	1.80991
Sequential	4	19531250	1.67343
Sequential	8	19531250	1.63458
Sequential	16	19531250	1.55747
Sequential	32	19531250	1.40645
Sequential	999	19531250	1.06425
Sequential	2	97656250	9.54841
Sequential	4	97656250	9.05467
Sequential	8	97656250	8.16165
Sequential	16	97656250	7.67574
Sequential	32	97656250	10.2735
Sequential	999	97656250	5.43391
Sequential	2	10	9e-06
Sequential	4	10	1.4e-05
Sequential	8	10	1.1e-05
Sequential	16	10	7e-06
Sequential	32	10	1.5e-05
Sequential	10	10	6e-06
Sequential	2	50	2.2e-05
Sequential	4	50	2.6e-05
Sequential	8	50	2.6e-05
Sequential	16	50	2.9e-05
Sequential	32	50	3e-05
Sequential	50	50	4.2e-05
Sequential	2	250	4.3e-05
Sequential	4	250	7.6e-05
Sequential	8	250	8.3e-05
Sequential	16	250	8.4e-05
Sequential	32	250	8.9e-05
Sequential	250	250	0.000115
Sequential	2	1250	0.000344
Sequential	4	1250	0.000314
Sequential	8	1250	0.000306
Sequential	16	1250	0.000302
Sequential	32	1250	0.000302
Sequential	999	1250	0.000493
Sequential	2	6250	0.001741
Sequential	4	6250	0.001555
Sequential	8	6250	0.000861
Sequential	16	6250	0.001437
Sequential	32	6250	0.001394
Sequential	999	6250	0.00092
Sequential	2	31250	0.003932
Sequential	4	31250	0.00231
Sequential	8	31250	0.002166
Sequential	16	31250	0.002037
Sequential	32	31250	0.001941
Sequential	999	31250	0.00319
Sequential	2	156250	0.013188
Sequential	4	156250	0.012034
Sequential	8	156250	0.011152
Sequential	16	156250	0.010486
Sequential	32	156250	0.009944
Sequential	999	156250	0.007722
Sequential	2	781250	0.065914
Sequential	4	781250	0.061309
Sequential	8	781250	0.057307
Sequential	16	781250	0.053722
Sequential	32	781250	0.050866
Sequential	999	781250	0.036546
Sequential	2	3906250	0.34424
Sequential	4	3906250	0.31327
Sequential	8	3906250	0.295179
Sequential	16	3906250	0.278521
Sequential	32	3906250	0.265702
Sequential	999	3906250	0.185748
Sequential	2	19531250	1.81892
Sequential	4	19531250	1.69421
Sequential	8	19531250	1.57485
Sequential	16	19531250	1.49135
Sequential	32	19531250	1.40683
Sequential	999	19531250	1.05142
Sequential	2	97656250	9.22639
Sequential	4	97656250	8.70762
Sequential	8	97656250	8.20762
Sequential	16	97656250	7.73454
Sequential	32	97656250	7.28032
Sequential	999	97656250	5.44057
Sequential	2	10	1.4e-05
Sequential	4	10	1.5e-05
Sequential	8	10	1.1e-05
Sequential	16	10	5e-06
Sequential	32	10	1.3e-05
Sequential	10	10	7e-06
Sequential	2	50	2.1e-05
Sequential	4	50	2.6e-05
Sequential	8	50	2.6e-05
Sequential	16	50	2.9e-05
Sequential	32	50	2.9e-05
Sequential	50	50	3.7e-05
Sequential	2	250	7.4e-05
Sequential	4	250	7.5e-05
Sequential	8	250	7.9e-05
Sequential	16	250	8.4e-05
Sequential	32	250	8.8e-05
Sequential	250	250	0.000115
Sequential	2	1250	0.000344
Sequential	4	1250	0.00031
Sequential	8	1250	0.00031
Sequential	16	1250	0.000302
Sequential	32	1250	0.000305
Sequential	999	1250	0.000492
Sequential	2	6250	0.00175
Sequential	4	6250	0.000469
Sequential	8	6250	0.001491
Sequential	16	6250	0.001471
Sequential	32	6250	0.001362
Sequential	999	6250	0.001377
Sequential	2	31250	0.003231
Sequential	4	31250	0.004168
Sequential	8	31250	0.002725
Sequential	16	31250	0.002039
Sequential	32	31250	0.001955
Sequential	999	31250	0.001791
Sequential	2	156250	0.013205
Sequential	4	156250	0.012052
Sequential	8	156250	0.011168
Sequential	16	156250	0.010684
Sequential	32	156250	0.009945
Sequential	999	156250	0.007736
Sequential	2	781250	0.066542
Sequential	4	781250	0.060881
Sequential	8	781250	0.057361
Sequential	16	781250	0.054037
Sequential	32	781250	0.050967
Sequential	999	781250	0.036164
Sequential	2	3906250	0.343719
Sequential	4	3906250	0.313459
Sequential	8	3906250	0.295278
Sequential	16	3906250	0.279151
Sequential	32	3906250	0.263568
Sequential	999	3906250	0.184759
Sequential	2	19531250	1.82195
Sequential	4	19531250	1.68012
Sequential	8	19531250	1.57356
Sequential	16	19531250	1.49286
Sequential	32	19531250	1.40935
Sequential	999	19531250	1.04162
Sequential	2	97656250	9.20735
Sequential	4	97656250	8.71167
Sequential	8	97656250	8.21083
Sequential	16	97656250	7.74549
Sequential	32	97656250	7.27998
Sequential	999	97656250	5.45964
Sequential	2	400000	0.033353
Sequential	4	400000	0.030588
Sequential	8	400000	0.02967
Sequential	16	400000	0.026991
Sequential	32	400000	0.025485
Sequential	999	400000	0.018176
Sequential	2	5380000	0.47935
Sequential	4	5380000	0.44506
Sequential	8	5380000	0.41554
Sequential	16	5380000	0.395749
Sequential	32	5380000	0.374539
Sequential	999	5380000	0.273479
Sequential	2	10360000	0.938469
Sequential	4	10360000	0.881931
Sequential	8	10360000	0.81527
Sequential	16	10360000	0.777265
Sequential	32	10360000	0.730777
Sequential	999	10360000	0.540079
Sequential	2	15340000	1.38141
Sequential	4	15340000	1.28239
Sequential	8	15340000	1.19709
Sequential	16	15340000	1.13565
Sequential	32	15340000	1.06747
Sequential	999	15340000	0.763763
Sequential	2	20320000	1.88648
Sequential	4	20320000	1.75236
Sequential	8	20320000	1.63796
Sequential	16	20320000	1.54894
Sequential	32	20320000	1.46254
Sequential	999	20320000	1.09095
Sequential	2	25300000	2.32565
Sequential	4	25300000	2.17942
Sequential	8	25300000	2.02591
Sequential	16	25300000	1.91522
Sequential	32	25300000	1.80668
Sequential	999	25300000	1.32965
Sequential	2	30280000	2.76223
Sequential	4	30280000	2.57935
Sequential	8	30280000	2.42688
Sequential	16	30280000	2.28034
Sequential	32	30280000	2.15011
Sequential	999	30280000	1.5526
Sequential	2	35260000	3.32668
Sequential	4	35260000	3.1233
Sequential	8	35260000	2.93229
Sequential	16	35260000	2.76349
Sequential	32	35260000	2.60395
Sequential	999	35260000	1.96543
Sequential	2	40240000	3.75564
Sequential	4	40240000	3.54566
Sequential	8	40240000	3.32022
Sequential	16	40240000	3.13339
Sequential	32	40240000	2.95764
Sequential	999	40240000	2.21413
Sequential	2	45220000	4.23268
Sequential	4	45220000	3.95734
Sequential	8	45220000	3.87143
Sequential	16	45220000	3.50075
Sequential	32	45220000	3.3044
Sequential	999	45220000	2.44895
Sequential	2	50200000	4.63803
Sequential	4	50200000	4.38037
Sequential	8	50200000	4.10085
Sequential	16	50200000	3.8752
Sequential	32	50200000	3.65511
Sequential	999	50200000	2.71424
Sequential	2	55180000	5.11677
Sequential	4	55180000	4.80965
Sequential	8	55180000	4.51053
Sequential	16	55180000	4.24538
Sequential	32	55180000	4.01302
Sequential	999	55180000	2.94779
Sequential	2	60160000	5.57263
Sequential	4	60160000	5.23323
Sequential	8	60160000	4.91282
Sequential	16	60160000	4.63104
Sequential	32	60160000	4.35367
Sequential	999	60160000	3.11636
Sequential	2	65140000	5.96814
Sequential	4	65140000	5.60751
Sequential	8	65140000	5.28536
Sequential	16	65140000	4.98352
Sequential	32	65140000	4.71062
Sequential	999	65140000	3.45277
Sequential	2	70120000	6.7247
Sequential	4	70120000	6.33817
Sequential	8	70120000	5.99436
Sequential	16	70120000	5.63582
Sequential	32	70120000	5.29994
Sequential	999	70120000	4.02198
Sequential	2	75100000	7.14484
Sequential	4	75100000	6.73823
Sequential	8	75100000	6.37
Sequential	16	75100000	5.95672
Sequential	32	75100000	5.64918
Sequential	999	75100000	4.27422
Sequential	2	80080000	7.6514
Sequential	4	80080000	7.17021
Sequential	8	80080000	6.77013
Sequential	16	80080000	6.37864
Sequential	32	80080000	6.01749
Sequential	999	80080000	4.51105
Sequential	2	85060000	8.05496
Sequential	4	85060000	7.60796
Sequential	8	85060000	7.16793
Sequential	16	85060000	6.77348
Sequential	32	85060000	6.38181
Sequential	999	85060000	4.79497
Sequential	2	90040000	8.51464
Sequential	4	90040000	8.04205
Sequential	8	90040000	7.58984
Sequential	16	90040000	7.14706
Sequential	32	90040000	6.72676
Sequential	999	90040000	5.02477
Sequential	2	95020000	8.95088
Sequential	4	95020000	8.48233
Sequential	8	95020000	8.13272
Sequential	16	95020000	7.51067
Sequential	32	95020000	7.08069
Sequential	999	95020000	5.3298
Sequential	2	100000000	9.41022
Sequential	4	100000000	8.89019
Sequential	8	100000000	8.37666
Sequential	16	100000000	7.91491
Sequential	32	100000000	7.4557
Sequential	999	100000000	5.59277
Sequential	2	400000	0.033325
Sequential	4	400000	0.03059
Sequential	8	400000	0.02876
Sequential	16	400000	0.027084
Sequential	32	400000	0.025582
Sequential	999	400000	0.017949
Sequential	2	5380000	0.497449
Sequential	4	5380000	0.446573
Sequential	8	5380000	0.414915
Sequential	16	5380000	0.395379
Sequential	32	5380000	0.37605
Sequential	999	5380000	0.273127
Sequential	2	10360000	0.935786
Sequential	4	10360000	0.876742
Sequential	8	10360000	0.8163
Sequential	16	10360000	0.776353
Sequential	32	10360000	0.730889
Sequential	999	10360000	0.53715
Sequential	2	15340000	1.36874
Sequential	4	15340000	1.28155
Sequential	8	15340000	1.19875
Sequential	16	15340000	1.13628
Sequential	32	15340000	1.06793
Sequential	999	15340000	0.77134
Sequential	2	20320000	1.86685
Sequential	4	20320000	1.75542
Sequential	8	20320000	1.63398
Sequential	16	20320000	1.61142
Sequential	32	20320000	1.46408
Sequential	999	20320000	1.10093
Sequential	2	25300000	2.40429
Sequential	4	25300000	2.24307
Sequential	8	25300000	2.09977
Sequential	16	25300000	1.91207
Sequential	32	25300000	1.8051
Sequential	999	25300000	1.28899
Sequential	2	30280000	2.7451
Sequential	4	30280000	2.58681
Sequential	8	30280000	2.41001
Sequential	16	30280000	2.28204
Sequential	32	30280000	2.1502
Sequential	999	30280000	1.55183
Sequential	2	35260000	3.32532
Sequential	4	35260000	3.12166
Sequential	8	35260000	2.93047
Sequential	16	35260000	2.76438
Sequential	32	35260000	2.60515
Sequential	999	35260000	1.92205
Sequential	2	40240000	3.75377
Sequential	4	40240000	3.52121
Sequential	8	40240000	3.30897
Sequential	16	40240000	3.12046
Sequential	32	40240000	2.95671
Sequential	999	40240000	2.20033
Sequential	2	45220000	4.2558
Sequential	4	45220000	3.96021
Sequential	8	45220000	3.73509
Sequential	16	45220000	3.50436
Sequential	32	45220000	3.29023
Sequential	999	45220000	2.44764
Sequential	2	50200000	4.61385
Sequential	4	50200000	4.38531
Sequential	8	50200000	4.10265
Sequential	16	50200000	3.88314
Sequential	32	50200000	3.65157
Sequential	999	50200000	2.77945
Sequential	2	55180000	5.29547
Sequential	4	55180000	4.97228
Sequential	8	55180000	4.52194
Sequential	16	55180000	4.25042
Sequential	32	55180000	4.00811
Sequential	999	55180000	2.95223
Sequential	2	60160000	5.54854
Sequential	4	60160000	5.22563
Sequential	8	60160000	4.93539
Sequential	16	60160000	4.62097
Sequential	32	60160000	4.37221
Sequential	999	60160000	3.1797
Sequential	2	65140000	5.99842
Sequential	4	65140000	5.64777
Sequential	8	65140000	5.31356
Sequential	16	65140000	5.02126
Sequential	32	65140000	4.72703
Sequential	999	65140000	3.43136
Sequential	2	70120000	6.69135
Sequential	4	70120000	6.33355
Sequential	8	70120000	5.99192
Sequential	16	70120000	5.64193
Sequential	32	70120000	5.28833
Sequential	999	70120000	3.9405
Sequential	2	75100000	7.13959
Sequential	4	75100000	6.98674
Sequential	8	75100000	6.58847
Sequential	16	75100000	6.00956
Sequential	32	75100000	5.63143
Sequential	999	75100000	4.26168
Sequential	2	80080000	7.64519
Sequential	4	80080000	7.16975
Sequential	8	80080000	6.77714
Sequential	16	80080000	6.3622
Sequential	32	80080000	5.99125
Sequential	999	80080000	4.5979
Sequential	2	85060000	8.3429
Sequential	4	85060000	7.88922
Sequential	8	85060000	7.17776
Sequential	16	85060000	6.76253
Sequential	32	85060000	6.36813
Sequential	999	85060000	4.79287
Sequential	2	90040000	8.49979
Sequential	4	90040000	8.33846
Sequential	8	90040000	7.53533
Sequential	16	90040000	7.09554
Sequential	32	90040000	6.6918
Sequential	999	90040000	5.03244
Sequential	2	95020000	8.96342
Sequential	4	95020000	8.47856
Sequential	8	95020000	8.0173
Sequential	16	95020000	7.50489
Sequential	32	95020000	7.09464
Sequential	999	95020000	5.30963
Sequential	2	100000000	9.45175
Sequential	4	100000000	8.88816
Sequential	8	100000000	8.39356
Sequential	16	100000000	7.91366
Sequential	32	100000000	7.44268
Sequential	999	100000000	5.57328
Sequential	2	400000	0.033289
Sequential	4	400000	0.030674
Sequential	8	400000	0.028728
Sequential	16	400000	0.026914
Sequential	32	400000	0.025611
Sequential	999	400000	0.017974
Sequential	2	5380000	0.482844
Sequential	4	5380000	0.462772
Sequential	8	5380000	0.434748
Sequential	16	5380000	0.412301
Sequential	32	5380000	0.386605
Sequential	999	5380000	0.268093
Sequential	2	10360000	0.937885
Sequential	4	10360000	0.876212
Sequential	8	10360000	0.816337
Sequential	16	10360000	0.777557
Sequential	32	10360000	0.733652
Sequential	999	10360000	0.538465
Sequential	2	15340000	1.38344
Sequential	4	15340000	1.32203
Sequential	8	15340000	1.24359
Sequential	16	15340000	1.18336
Sequential	32	15340000	1.11413
Sequential	999	15340000	0.780727
Sequential	2	20320000	1.94267
Sequential	4	20320000	1.80801
Sequential	8	20320000	1.80309
Sequential	16	20320000	1.54801
Sequential	32	20320000	1.45893
Sequential	999	20320000	1.0877
Sequential	2	25300000	2.31576
Sequential	4	25300000	2.15279
Sequential	8	25300000	2.02895
Sequential	16	25300000	1.9165
Sequential	32	25300000	1.80588
Sequential	999	25300000	1.33982
Sequential	2	30280000	2.85632
Sequential	4	30280000	2.66944
Sequential	8	30280000	2.50737
Sequential	16	30280000	2.47747
Sequential	32	30280000	2.23613
Sequential	999	30280000	1.55643
Sequential	2	35260000	3.34946
Sequential	4	35260000	3.12392
Sequential	8	35260000	2.93431
Sequential	16	35260000	2.76501
Sequential	32	35260000	2.60736
Sequential	999	35260000	1.96665
Sequential	2	40240000	3.77286
Sequential	4	40240000	3.54141
Sequential	8	40240000	3.31993
Sequential	16	40240000	3.13383
Sequential	32	40240000	2.94636
Sequential	999	40240000	2.15733
Sequential	2	45220000	4.2537
Sequential	4	45220000	3.93631
Sequential	8	45220000	3.70955
Sequential	16	45220000	3.48537
Sequential	32	45220000	3.29103
Sequential	999	45220000	2.46184
Sequential	2	50200000	4.63822
Sequential	4	50200000	4.38666
Sequential	8	50200000	4.09924
Sequential	16	50200000	3.88571
Sequential	32	50200000	3.65791
Sequential	999	50200000	2.69637
Sequential	2	55180000	5.11305
Sequential	4	55180000	4.81616
Sequential	8	55180000	4.50689
Sequential	16	55180000	4.22674
Sequential	32	55180000	3.99303
Sequential	999	55180000	2.93197
Sequential	2	60160000	5.56554
Sequential	4	60160000	5.22128
Sequential	8	60160000	4.93599
Sequential	16	60160000	4.61865
Sequential	32	60160000	4.36657
Sequential	999	60160000	3.17419
Sequential	2	65140000	6.00458
Sequential	4	65140000	5.65085
Sequential	8	65140000	5.32019
Sequential	16	65140000	5.01451
Sequential	32	65140000	4.7371
Sequential	999	65140000	3.44462
Sequential	2	70120000	6.73608
Sequential	4	70120000	6.33188
Sequential	8	70120000	6.00891
Sequential	16	70120000	5.648
Sequential	32	70120000	5.31161
Sequential	999	70120000	4.04194
Sequential	2	75100000	7.14224
Sequential	4	75100000	6.7345
Sequential	8	75100000	6.37601
Sequential	16	75100000	6.00947
Sequential	32	75100000	5.64977
Sequential	999	75100000	4.28533
Sequential	2	80080000	7.64412
Sequential	4	80080000	7.16295
Sequential	8	80080000	6.78125
Sequential	16	80080000	6.36814
Sequential	32	80080000	6.01969
Sequential	999	80080000	4.51265
Sequential	2	85060000	8.07465
Sequential	4	85060000	7.61656
Sequential	8	85060000	7.17922
Sequential	16	85060000	6.75955
Sequential	32	85060000	6.36599
Sequential	999	85060000	4.55886
Sequential	2	90040000	8.52271
Sequential	4	90040000	8.04981
Sequential	8	90040000	7.57767
Sequential	16	90040000	7.13203
Sequential	32	90040000	6.7216
Sequential	999	90040000	5.04551
Sequential	2	95020000	8.95061
Sequential	4	95020000	8.48358
Sequential	8	95020000	8.01822
Sequential	16	95020000	7.50016
Sequential	32	95020000	7.08404
Sequential	999	95020000	5.3269
Sequential	2	100000000	9.45352
Sequential	4	100000000	8.88318
Sequential	8	100000000	8.39175
Sequential	16	100000000	7.90204
Sequential	32	100000000	7.44614
Sequential	999	100000000	5.56898
Sequential	2	400000	0.033456
Sequential	4	400000	0.030549
Sequential	8	400000	0.02872
Sequential	16	400000	0.026869
Sequential	32	400000	0.025335
Sequential	999	400000	0.018116
Sequential	2	5380000	0.481304
Sequential	4	5380000	0.448021
Sequential	8	5380000	0.416993
Sequential	16	5380000	0.395773
Sequential	32	5380000	0.375239
Sequential	999	5380000	0.274531
Sequential	2	10360000	0.936493
Sequential	4	10360000	0.871815
Sequential	8	10360000	0.813024
Sequential	16	10360000	0.776085
Sequential	32	10360000	0.728527
Sequential	999	10360000	0.539541
Sequential	2	15340000	1.37552
Sequential	4	15340000	1.27837
Sequential	8	15340000	1.19701
Sequential	16	15340000	1.13469
Sequential	32	15340000	1.06738
Sequential	999	15340000	0.765826
Sequential	2	20320000	1.8828
Sequential	4	20320000	1.7477
Sequential	8	20320000	1.63679
Sequential	16	20320000	1.55045
Sequential	32	20320000	1.46304
Sequential	999	20320000	1.08858
Sequential	2	25300000	2.3231
Sequential	4	25300000	2.17076
Sequential	8	25300000	2.0232
Sequential	16	25300000	1.91074
Sequential	32	25300000	1.8018
Sequential	999	25300000	1.32677
Sequential	2	30280000	2.75541
Sequential	4	30280000	2.58573
Sequential	8	30280000	2.41993
Sequential	16	30280000	2.28351
Sequential	32	30280000	2.15264
Sequential	999	30280000	1.553
Sequential	2	35260000	3.3412
Sequential	4	35260000	3.1257
Sequential	8	35260000	2.91529
Sequential	16	35260000	2.75233
Sequential	32	35260000	2.59934
Sequential	999	35260000	1.94897
Sequential	2	40240000	3.90739
Sequential	4	40240000	3.52026
Sequential	8	40240000	3.31128
Sequential	16	40240000	4.21285
Sequential	32	40240000	4.95738
Sequential	999	40240000	2.2049
Sequential	2	45220000	4.40498
Sequential	4	45220000	3.95861
Sequential	8	45220000	3.87223
Sequential	16	45220000	3.63584
Sequential	32	45220000	3.43004
Sequential	999	45220000	3.53887
Sequential	2	50200000	4.80047
Sequential	4	50200000	4.52966
Sequential	8	50200000	4.23683
Sequential	16	50200000	3.87505
Sequential	32	50200000	3.66498
Sequential	999	50200000	2.69238
Sequential	2	55180000	5.29568
Sequential	4	55180000	4.81632
Sequential	8	55180000	4.66408
Sequential	16	55180000	4.24938
Sequential	32	55180000	4.00721
Sequential	999	55180000	2.94317
Sequential	2	60160000	5.76284
Sequential	4	60160000	5.22561
Sequential	8	60160000	4.92922
Sequential	16	60160000	4.62237
Sequential	32	60160000	4.3699
Sequential	999	60160000	3.17239
Sequential	2	65140000	6.00385
Sequential	4	65140000	5.60661
Sequential	8	65140000	5.28385
Sequential	16	65140000	4.9833
Sequential	32	65140000	4.90388
Sequential	999	65140000	3.47904
Sequential	2	70120000	6.97497
Sequential	4	70120000	6.56145
Sequential	8	70120000	7.03511
Sequential	16	70120000	5.95577
Sequential	32	70120000	5.51937
Sequential	999	70120000	4.08726
Sequential	2	75100000	7.40412
Sequential	4	75100000	6.99366
Sequential	8	75100000	9.8397
Sequential	16	75100000	6.20354
Sequential	32	75100000	5.97787
Sequential	999	75100000	4.34449
Sequential	2	80080000	7.932
Sequential	4	80080000	7.44055
Sequential	8	80080000	8.28765
Sequential	16	80080000	6.61146
Sequential	32	80080000	8.77568
Sequential	999	80080000	4.49049
Sequential	2	85060000	8.07408
Sequential	4	85060000	7.60865
Sequential	8	85060000	7.4122
Sequential	16	85060000	6.71321
Sequential	32	85060000	6.37955
Sequential	999	85060000	4.79837
Sequential	2	90040000	8.84942
Sequential	4	90040000	8.04478
Sequential	8	90040000	7.58669
Sequential	16	90040000	7.38526
Sequential	32	90040000	6.72448
Sequential	999	90040000	5.01237
Sequential	2	95020000	9.27937
Sequential	4	95020000	8.43059
Sequential	8	95020000	8.27952
Sequential	16	95020000	7.49146
Sequential	32	95020000	7.08101
Sequential	999	95020000	5.26666
Sequential	2	100000000	9.44353
Sequential	4	100000000	9.25728
Sequential	8	100000000	8.38602
Sequential	16	100000000	7.91214
Sequential	32	100000000	7.45006
Sequential	999	100000000	5.58805
Sequential	2	400000	0.033262
Sequential	4	400000	0.030547
Sequential	8	400000	0.028561
Sequential	16	400000	0.027264
Sequential	32	400000	0.025407
Sequential	999	400000	0.018013
Sequential	2	5380000	0.480202
Sequential	4	5380000	0.446602
Sequential	8	5380000	0.415594
Sequential	16	5380000	0.395018
Sequential	32	5380000	0.375058
Sequential	999	5380000	0.274919
Sequential	2	10360000	0.93976
Sequential	4	10360000	0.877436
Sequential	8	10360000	0.816017
Sequential	16	10360000	0.778464
Sequential	32	10360000	0.732838
Sequential	999	10360000	0.539902
Sequential	2	15340000	1.37939
Sequential	4	15340000	1.28058
Sequential	8	15340000	1.19912
Sequential	16	15340000	1.13521
Sequential	32	15340000	1.06674
Sequential	999	15340000	0.775753
Sequential	2	20320000	1.87888
Sequential	4	20320000	1.7521
Sequential	8	20320000	1.62922
Sequential	16	20320000	1.61092
Sequential	32	20320000	1.46435
Sequential	999	20320000	1.06012
Sequential	2	25300000	2.32209
Sequential	4	25300000	2.15472
Sequential	8	25300000	2.01316
Sequential	16	25300000	1.90358
Sequential	32	25300000	1.80666
Sequential	999	25300000	1.32873
Sequential	2	30280000	2.85537
Sequential	4	30280000	2.5806
Sequential	8	30280000	2.41997
Sequential	16	30280000	2.36585
Sequential	32	30280000	2.21558
Sequential	999	30280000	1.61352
Sequential	2	35260000	3.33653
Sequential	4	35260000	3.12136
Sequential	8	35260000	2.93559
Sequential	16	35260000	2.88971
Sequential	32	35260000	2.60025
Sequential	999	35260000	1.96594
Sequential	2	40240000	3.90754
Sequential	4	40240000	3.52474
Sequential	8	40240000	3.46261
Sequential	16	40240000	3.26889
Sequential	32	40240000	3.07541
Sequential	999	40240000	2.31343
Sequential	2	45220000	4.24941
Sequential	4	45220000	4.09448
Sequential	8	45220000	3.88548
Sequential	16	45220000	3.63928
Sequential	32	45220000	3.41994
Sequential	999	45220000	2.56159
Sequential	2	50200000	4.81106
Sequential	4	50200000	4.54027
Sequential	8	50200000	4.24743
Sequential	16	50200000	4.02623
Sequential	32	50200000	3.7862
Sequential	999	50200000	2.78946
Sequential	2	55180000	5.30291
Sequential	4	55180000	4.98544
Sequential	8	55180000	4.65047
Sequential	16	55180000	4.42299
Sequential	32	55180000	4.14561
Sequential	999	55180000	3.06273
Sequential	2	60160000	5.76729
Sequential	4	60160000	5.41374
Sequential	8	60160000	5.08173
Sequential	16	60160000	4.80358
Sequential	32	60160000	4.50931
Sequential	999	60160000	3.30929
Sequential	2	65140000	6.21271
Sequential	4	65140000	5.83512
Sequential	8	65140000	5.28479
Sequential	16	65140000	4.98539
Sequential	32	65140000	4.71072
Sequential	999	65140000	3.35247
Sequential	2	70120000	6.99005
Sequential	4	70120000	6.29024
Sequential	8	70120000	5.94218
Sequential	16	70120000	5.59788
Sequential	32	70120000	5.29048
Sequential	999	70120000	4.02848
Sequential	2	75100000	7.43355
Sequential	4	75100000	6.73851
Sequential	8	75100000	6.37123
Sequential	16	75100000	5.9903
Sequential	32	75100000	5.64931
Sequential	999	75100000	4.27286
Sequential	2	80080000	7.96053
Sequential	4	80080000	7.17824
Sequential	8	80080000	6.77392
Sequential	16	80080000	6.37572
Sequential	32	80080000	6.27909
Sequential	999	80080000	4.529
Sequential	2	85060000	8.37229
Sequential	4	85060000	7.69533
Sequential	8	85060000	7.2284
Sequential	16	85060000	6.84937
Sequential	32	85060000	6.46953
Sequential	999	85060000	4.85572
Sequential	2	90040000	8.84056
Sequential	4	90040000	8.35226
Sequential	8	90040000	7.85336
Sequential	16	90040000	7.39173
Sequential	32	90040000	6.96558
Sequential	999	90040000	5.22894
Sequential	2	95020000	9.30395
Sequential	4	95020000	8.8311
Sequential	8	95020000	8.3107
Sequential	16	95020000	7.77872
Sequential	32	95020000	7.33831
Sequential	999	95020000	5.4992
Sequential	2	100000000	9.80609
Sequential	4	100000000	9.20081
Sequential	8	100000000	8.68919
Sequential	16	100000000	8.19593
Sequential	32	100000000	7.71163
Sequential	999	100000000	5.5821
